

java BipartiteGraph <smallGraph1.txt >lab4results.txt
adjacency lists
0 :3 7 1 
1 :2 0 
2 :5 3 1 
3 :0 4 2 
4 :5 3 
5 :2 6 4 
6 :7 5 
7 :0 6 
Input graph is Bipartite!

java BipartiteGraph <smallGraph2.txt >>lab4results.txt
adjacency lists
0 :4 7 1 
1 :2 0 
2 :3 1 
3 :4 2 
4 :0 5 3 
5 :6 4 
6 :7 5 
7 :0 6 
Input graph is NOT Bipartite!
Odd cycle found
Cycle : (5 4 0 7 6 )


java BipartiteGraph <largeGraph1.txt >>lab4results.txt
adjacency lists
0 :317 253 1 
1 :706 632 958 2 0 
2 :623 249 167 3 1 
3 :128 4 2 
4 :291 813 5 3 
5 :82 374 944 6 4 
6 :403 141 765 7 5 
7 :448 8 6 
8 :469 965 9 7 
9 :404 972 10 8 
10 :241 607 333 905 11 9 
11 :120 12 10 
12 :353 13 11 
13 :516 326 956 882 14 12 
14 :157 403 815 15 13 
15 :16 14 
16 :727 283 59 17 15 
17 :614 18 16 
18 :673 85 19 17 
19 :976 20 18 
20 :229 455 21 19 
21 :784 22 20 
22 :335 23 21 
23 :392 24 22 
24 :529 719 403 261 245 25 23 
25 :26 24 
26 :885 555 287 771 383 27 25 
27 :30 830 854 28 26 
28 :389 219 29 27 
29 :260 336 30 28 
30 :27 893 107 31 29 
31 :762 32 30 
32 :315 33 31 
33 :518 688 998 128 470 228 34 32 
34 :573 833 823 35 33 
35 :80 660 816 36 34 
36 :95 37 35 
37 :964 38 36 
38 :307 887 39 37 
39 :872 978 40 38 
40 :161 529 585 41 39 
41 :226 254 42 40 
42 :323 43 41 
43 :162 596 44 42 
44 :751 267 483 713 45 43 
45 :356 178 46 44 
46 :737 585 47 45 
47 :956 48 46 
48 :505 393 895 49 47 
49 :194 50 48 
50 :271 807 93 333 51 49 
51 :582 52 50 
52 :413 363 53 51 
53 :726 912 812 534 54 52 
54 :55 53 
55 :886 234 56 54 
56 :311 57 55 
57 :598 138 392 58 56 
58 :895 59 57 
59 :130 134 16 60 58 
60 :539 61 59 
61 :62 60 
62 :879 63 115 63 61 
63 :62 812 364 64 62 
64 :953 65 63 
65 :252 610 66 64 
66 :591 109 67 65 
67 :110 314 716 68 66 
68 :193 967 69 67 
69 :214 954 542 70 68 
70 :337 71 69 
71 :968 114 72 70 
72 :587 487 173 631 131 73 71 
73 :536 792 826 300 508 424 590 74 72 
74 :689 699 775 75 73 
75 :434 168 76 74 
76 :481 77 75 
77 :286 384 386 78 76 
78 :495 811 133 583 79 77 
79 :110 80 78 
80 :35 571 949 81 79 
81 :790 936 198 82 80 
82 :5 689 83 81 
83 :312 904 670 84 82 
84 :481 515 905 85 83 
85 :772 540 18 86 84 
86 :937 87 85 
87 :88 86 
88 :983 687 89 87 
89 :742 90 88 
90 :249 91 89 
91 :422 976 614 92 90 
92 :677 193 205 93 91 
93 :50 864 136 94 92 
94 :867 95 93 
95 :36 96 94 
96 :241 97 95 
97 :142 938 98 96 
98 :387 491 99 97 
99 :546 100 98 
100 :175 871 101 99 
101 :462 542 102 100 
102 :481 103 101 
103 :800 286 972 820 914 104 102 
104 :761 105 103 
105 :666 106 104 
106 :377 641 779 107 105 
107 :422 904 156 30 108 106 
108 :605 957 109 107 
109 :798 66 110 108 
110 :67 79 461 111 109 
111 :888 704 442 112 110 
112 :205 589 113 111 
113 :586 484 114 112 
114 :379 71 187 115 113 
115 :62 594 116 114 
116 :117 115 
117 :132 118 116 
118 :119 117 
119 :756 494 816 120 118 
120 :11 833 121 119 
121 :580 122 120 
122 :993 755 383 123 121 
123 :504 756 124 122 
124 :943 755 257 125 123 
125 :822 722 646 224 126 124 
126 :347 953 455 127 125 
127 :568 128 126 
128 :235 33 3 129 127 
129 :368 648 720 478 716 130 128 
130 :59 631 537 131 129 
131 :524 542 608 72 132 130 
132 :153 715 117 133 131 
133 :378 78 134 132 
134 :261 269 59 135 133 
135 :800 920 334 136 134 
136 :93 137 135 
137 :528 808 138 136 
138 :705 139 57 411 537 139 137 
139 :138 140 138 
140 :235 141 139 
141 :706 638 894 6 142 140 
142 :97 143 141 
143 :144 142 
144 :463 623 145 143 
145 :490 666 788 476 146 144 
146 :625 725 147 145 
147 :148 146 
148 :813 673 149 147 
149 :150 148 
150 :361 221 151 149 
151 :926 942 634 880 152 150 
152 :739 719 933 623 153 151 
153 :132 718 340 154 152 
154 :719 557 355 155 153 
155 :608 834 156 154 
156 :107 513 883 157 155 
157 :14 158 156 
158 :159 157 
159 :318 160 158 
160 :453 517 393 351 787 161 159 
161 :436 40 452 162 160 
162 :43 163 161 
163 :284 280 404 164 162 
164 :165 163 
165 :424 934 166 164 
166 :875 167 165 
167 :992 2 168 166 
168 :953 923 75 751 169 167 
169 :716 170 168 
170 :171 169 
171 :172 170 
172 :527 701 733 173 171 
173 :574 72 174 172 
174 :195 175 173 
175 :646 100 176 174 
176 :543 297 177 175 
177 :216 234 538 178 176 
178 :987 955 45 425 179 177 
179 :810 550 180 178 
180 :243 283 421 181 179 
181 :618 344 702 850 182 180 
182 :321 183 181 
183 :230 184 182 
184 :185 183 
185 :894 186 184 
186 :575 727 187 185 
187 :532 608 594 114 754 972 188 186 
188 :375 189 187 
189 :216 876 190 188 
190 :331 689 191 189 
191 :192 190 
192 :253 193 191 
193 :848 274 912 68 92 676 194 192 
194 :49 243 195 193 
195 :174 196 194 
196 :941 465 197 195 
197 :904 612 198 196 
198 :81 199 197 
199 :200 198 
200 :305 201 199 
201 :690 870 202 200 
202 :241 759 203 201 
203 :206 502 204 202 
204 :921 867 725 205 203 
205 :588 112 512 92 906 206 204 
206 :203 757 755 441 207 205 
207 :208 206 
208 :451 615 209 207 
209 :564 280 390 210 208 
210 :743 517 211 209 
211 :540 212 210 
212 :673 373 213 211 
213 :608 214 212 
214 :69 215 213 
215 :216 214 
216 :847 189 177 475 217 215 
217 :768 218 216 
218 :747 763 219 217 
219 :302 724 28 572 220 218 
220 :443 221 219 
221 :694 454 604 150 222 220 
222 :223 581 223 221 
223 :222 776 224 222 
224 :227 519 125 225 223 
225 :958 226 224 
226 :881 41 227 225 
227 :224 484 810 228 226 
228 :893 419 529 33 229 227 
229 :20 230 228 
230 :183 925 231 229 
231 :714 822 232 230 
232 :917 233 231 
233 :602 728 414 234 232 
234 :55 429 177 339 235 233 
235 :706 128 140 236 234 
236 :237 235 
237 :548 998 716 238 236 
238 :391 361 239 237 
239 :422 240 238 
240 :333 701 241 239 
241 :96 10 202 242 240 
242 :565 433 243 241 
243 :180 194 244 242 
244 :315 477 335 245 243 
245 :764 356 24 246 244 
246 :625 759 671 247 245 
247 :640 248 246 
248 :249 247 
249 :422 506 2 90 972 250 248 
250 :629 307 251 249 
251 :974 252 250 
252 :65 803 261 253 251 
253 :192 0 254 252 
254 :359 41 255 253 
255 :948 700 256 254 
256 :651 825 257 255 
257 :124 258 256 
258 :791 903 575 259 257 
259 :944 260 258 
260 :29 261 259 
261 :134 668 24 252 262 260 
262 :367 513 645 531 835 263 261 
263 :738 264 262 
264 :459 763 265 263 
265 :266 264 
266 :317 581 267 265 
267 :44 268 266 
268 :841 269 267 
269 :134 270 268 
270 :441 271 269 
271 :50 876 272 270 
272 :273 271 
273 :810 928 274 272 
274 :193 599 275 273 
275 :892 516 450 276 274 
276 :277 275 
277 :430 286 498 572 278 276 
278 :279 277 
279 :956 280 278 
280 :209 163 281 279 
281 :282 280 
282 :897 421 283 281 
283 :180 16 572 284 282 
284 :163 285 283 
285 :454 286 284 
286 :77 593 103 481 277 507 495 777 287 285 
287 :902 26 288 286 
288 :289 287 
289 :886 782 294 592 334 310 290 288 
290 :897 291 289 
291 :4 310 292 290 
292 :617 293 291 
293 :892 832 294 292 
294 :289 295 293 
295 :296 294 
296 :871 297 295 
297 :176 298 296 
298 :857 325 299 297 
299 :300 298 
300 :873 73 301 299 
301 :980 886 302 300 
302 :219 463 303 301 
303 :952 388 760 860 580 304 302 
304 :503 769 521 305 303 
305 :200 810 306 304 
306 :585 845 307 305 
307 :38 638 250 308 306 
308 :819 739 989 309 307 
309 :654 686 310 308 
310 :873 289 291 311 309 
311 :998 56 384 312 310 
312 :83 935 313 311 
313 :766 750 314 312 
314 :477 971 67 379 315 313 
315 :32 244 316 314 
316 :451 607 835 891 317 315 
317 :266 408 0 318 316 
318 :159 349 319 317 
319 :950 320 318 
320 :615 461 321 319 
321 :592 768 182 422 322 320 
322 :625 859 323 321 
323 :42 890 954 324 322 
324 :497 901 715 325 323 
325 :838 298 594 326 324 
326 :13 493 327 325 
327 :518 406 328 326 
328 :329 327 
329 :330 328 
330 :611 807 331 329 
331 :190 508 412 332 330 
332 :333 331 
333 :240 534 10 50 334 332 
334 :289 135 335 333 
335 :856 244 22 336 334 
336 :985 999 29 337 335 
337 :70 362 338 336 
338 :339 337 
339 :506 234 340 338 
340 :615 153 377 341 339 
341 :532 342 340 
342 :977 447 343 341 
343 :668 596 444 344 342 
344 :181 679 345 343 
345 :512 866 346 344 
346 :417 347 345 
347 :126 396 348 346 
348 :933 349 347 
349 :800 598 318 350 348 
350 :595 351 349 
351 :160 352 350 
352 :353 351 
353 :12 354 352 
354 :937 821 355 353 
355 :462 450 982 846 154 356 354 
356 :859 45 537 245 357 355 
357 :828 358 356 
358 :385 639 359 357 
359 :506 254 372 360 358 
360 :561 945 547 361 359 
361 :150 610 238 362 360 
362 :337 421 363 361 
363 :52 508 364 362 
364 :385 63 365 363 
365 :366 364 
366 :663 367 365 
367 :494 262 368 366 
368 :129 761 963 369 367 
369 :816 370 368 
370 :439 683 529 371 369 
371 :866 372 370 
372 :475 795 359 525 373 371 
373 :212 374 372 
374 :5 375 373 
375 :580 188 768 376 374 
376 :927 377 375 
377 :106 340 378 376 
378 :421 133 379 377 
379 :918 114 314 380 378 
380 :381 379 
381 :944 382 380 
382 :383 381 
383 :692 122 414 26 396 384 382 
384 :567 77 311 447 385 383 
385 :364 358 490 670 386 384 
386 :919 77 387 385 
387 :98 508 388 386 
388 :469 303 389 387 
389 :28 420 390 388 
390 :943 719 209 391 389 
391 :238 392 390 
392 :617 23 57 393 391 
393 :160 48 394 392 
394 :395 393 
395 :716 396 394 
396 :347 383 397 395 
397 :834 398 396 
398 :399 397 
399 :400 398 
400 :401 399 
401 :402 400 
402 :403 401 
403 :932 982 864 6 24 14 404 402 
404 :9 163 405 403 
405 :698 628 406 404 
406 :665 327 407 405 
407 :798 408 406 
408 :775 459 317 409 407 
409 :872 490 410 408 
410 :411 409 
411 :138 412 410 
412 :937 331 413 411 
413 :52 812 716 414 412 
414 :383 233 415 413 
415 :448 846 946 416 414 
416 :757 417 415 
417 :346 642 418 416 
418 :621 955 419 417 
419 :228 420 418 
420 :389 493 421 419 
421 :180 378 362 458 282 422 420 
422 :91 107 239 249 321 561 423 421 
423 :424 422 
424 :673 165 73 425 423 
425 :178 426 424 
426 :427 425 
427 :498 708 428 426 
428 :429 427 
429 :234 430 428 
430 :277 565 551 431 429 
431 :432 430 
432 :433 431 
433 :242 434 432 
434 :75 703 435 433 
435 :540 436 434 
436 :161 803 583 437 435 
437 :902 438 436 
438 :709 439 437 
439 :370 736 440 438 
440 :441 439 
441 :206 954 270 442 440 
442 :881 497 111 443 441 
443 :220 792 444 442 
444 :343 445 443 
445 :866 914 446 444 
446 :957 761 447 445 
447 :342 832 384 448 446 
448 :415 7 529 449 447 
449 :450 448 
450 :503 355 275 451 449 
451 :208 316 812 614 460 452 450 
452 :785 161 453 451 
453 :160 454 452 
454 :221 285 753 455 453 
455 :940 20 126 456 454 
456 :871 457 455 
457 :458 456 
458 :995 421 459 457 
459 :264 408 690 460 458 
460 :619 731 451 461 459 
461 :320 618 110 462 460 
462 :355 101 975 463 461 
463 :144 302 464 462 
464 :745 465 463 
465 :196 466 464 
466 :985 895 511 467 465 
467 :468 466 
468 :557 469 467 
469 :8 388 872 470 468 
470 :33 471 469 
471 :472 470 
472 :473 471 
473 :474 472 
474 :507 475 473 
475 :372 216 476 474 
476 :989 145 477 475 
477 :314 244 478 476 
478 :129 479 477 
479 :644 480 478 
480 :551 481 479 
481 :84 102 286 76 482 480 
482 :641 483 481 
483 :44 802 484 482 
484 :113 227 485 483 
485 :570 534 486 484 
486 :487 485 
487 :962 72 578 488 486 
488 :489 487 
489 :832 810 490 488 
490 :145 385 409 491 491 489 
491 :688 98 490 492 490 
492 :493 491 
493 :326 420 790 494 492 
494 :645 367 119 495 493 
495 :958 78 982 854 286 496 494 
496 :497 495 
497 :324 618 442 786 498 496 
498 :427 277 499 497 
499 :726 500 498 
500 :501 499 
501 :502 500 
502 :203 503 501 
503 :450 304 610 638 504 502 
504 :123 505 503 
505 :48 506 504 
506 :359 891 249 789 339 637 507 505 
507 :474 286 856 508 506 
508 :331 599 73 363 387 509 507 
509 :510 508 
510 :859 511 509 
511 :466 512 510 
512 :345 205 513 511 
513 :262 602 156 514 512 
514 :515 513 
515 :666 84 936 516 514 
516 :13 609 275 573 517 515 
517 :160 776 210 518 516 
518 :33 327 965 815 519 517 
519 :800 224 520 518 
520 :521 519 
521 :766 304 522 520 
522 :955 523 521 
523 :596 982 524 522 
524 :131 905 525 523 
525 :372 968 946 526 524 
526 :527 525 
527 :172 528 526 
528 :137 529 527 
529 :24 40 660 448 228 370 530 528 
530 :919 531 529 
531 :642 262 532 530 
532 :187 341 997 533 531 
533 :534 532 
534 :333 485 53 547 535 533 
535 :536 534 
536 :73 537 535 
537 :356 138 130 538 536 
538 :829 613 661 177 539 537 
539 :60 540 538 
540 :211 809 85 435 541 539 
541 :542 540 
542 :131 101 915 69 543 541 
543 :176 544 542 
544 :833 545 543 
545 :786 794 546 544 
546 :99 547 545 
547 :658 360 758 534 548 546 
548 :237 689 549 547 
549 :550 548 
550 :179 551 549 
551 :480 694 576 792 430 552 550 
552 :553 551 
553 :554 552 
554 :711 555 553 
555 :26 556 554 
556 :597 943 969 557 555 
557 :978 468 154 558 556 
558 :559 557 
559 :636 560 558 
560 :779 561 559 
561 :360 764 422 562 560 
562 :711 623 563 561 
563 :564 562 
564 :807 209 969 565 563 
565 :242 758 430 566 564 
566 :567 565 
567 :384 568 566 
568 :127 569 567 
569 :570 568 
570 :485 693 653 571 569 
571 :80 572 570 
572 :899 219 277 949 283 573 571 
573 :34 516 760 574 572 
574 :173 575 573 
575 :186 828 258 576 574 
576 :551 577 575 
577 :774 578 576 
578 :721 487 579 577 
579 :778 580 578 
580 :375 121 303 581 579 
581 :222 876 266 582 580 
582 :803 51 583 581 
583 :980 436 78 584 582 
584 :901 585 583 
585 :306 704 40 798 46 586 584 
586 :113 587 585 
587 :824 72 942 588 586 
588 :643 205 607 897 719 589 587 
589 :912 112 912 590 588 
590 :73 591 589 
591 :66 628 592 590 
592 :321 673 289 593 591 
593 :892 286 594 592 
594 :187 115 325 595 593 
595 :716 350 662 596 594 
596 :523 343 735 43 597 595 
597 :886 556 598 596 
598 :57 349 599 597 
599 :776 274 508 600 598 
600 :601 599 
601 :666 602 600 
602 :233 513 603 601 
603 :778 604 602 
604 :221 605 603 
605 :108 606 604 
606 :607 605 
607 :10 316 588 608 606 
608 :155 187 213 131 609 607 
609 :516 610 608 
610 :723 361 65 503 611 609 
611 :330 612 610 
612 :887 691 197 613 611 
613 :538 614 612 
614 :17 91 451 751 615 613 
615 :320 208 340 616 614 
616 :709 617 615 
617 :662 942 392 292 618 616 
618 :497 181 877 461 619 617 
619 :810 460 620 618 
620 :621 619 
621 :418 764 650 664 622 620 
622 :623 621 
623 :2 772 946 958 144 152 562 624 622 
624 :625 623 
625 :322 146 246 626 624 
626 :667 627 625 
627 :704 628 626 
628 :591 707 405 629 627 
629 :250 630 628 
630 :877 631 629 
631 :130 72 744 632 630 
632 :675 1 633 631 
633 :634 632 
634 :151 701 635 633 
635 :636 634 
636 :559 637 635 
637 :770 506 638 636 
638 :141 503 307 755 639 637 
639 :814 358 640 638 
640 :247 641 639 
641 :106 482 642 640 
642 :531 417 883 643 641 
643 :588 644 642 
644 :479 967 645 643 
645 :494 262 824 646 644 
646 :175 963 125 647 645 
647 :904 648 646 
648 :129 649 647 
649 :694 650 648 
650 :621 687 725 651 649 
651 :256 652 650 
652 :653 651 
653 :772 570 654 652 
654 :309 655 653 
655 :656 654 
656 :657 655 
657 :658 656 
658 :547 981 715 659 657 
659 :716 660 658 
660 :529 35 661 659 
661 :538 662 660 
662 :617 595 663 661 
663 :940 366 664 662 
664 :621 665 663 
665 :406 800 666 664 
666 :145 515 105 833 601 667 665 
667 :626 668 666 
668 :261 343 669 667 
669 :774 958 760 670 668 
670 :385 83 671 669 
671 :246 942 672 670 
672 :723 673 671 
673 :424 592 18 212 148 674 672 
674 :675 673 
675 :632 676 674 
676 :715 193 677 675 
677 :92 678 676 
678 :815 775 955 679 677 
679 :344 780 680 678 
680 :801 681 679 
681 :682 680 
682 :683 683 681 
683 :682 370 684 682 
684 :685 683 
685 :686 684 
686 :309 687 685 
687 :840 650 722 88 688 686 
688 :961 891 853 33 491 689 687 
689 :74 548 82 190 690 688 
690 :201 459 691 689 
691 :986 838 612 692 690 
692 :383 939 693 691 
693 :570 800 694 692 
694 :221 551 649 695 693 
695 :696 694 
696 :697 695 
697 :698 696 
698 :405 737 699 697 
699 :74 796 700 698 
700 :255 767 701 699 
701 :172 240 634 702 700 
702 :961 737 181 873 703 701 
703 :934 434 704 702 
704 :585 627 111 891 705 703 
705 :138 706 704 
706 :235 141 1 707 705 
707 :628 708 706 
708 :427 709 707 
709 :616 438 710 708 
710 :711 709 
711 :562 554 712 710 
712 :713 711 
713 :44 714 712 
714 :231 727 921 715 713 
715 :324 132 676 658 744 826 716 714 
716 :595 67 659 395 169 807 413 129 957 237 717 715 
717 :864 718 716 
718 :949 153 719 717 
719 :390 24 152 154 588 720 718 
720 :129 747 897 721 719 
721 :578 722 720 
722 :687 895 743 125 723 721 
723 :932 610 922 672 724 722 
724 :219 725 723 
725 :902 146 650 204 726 724 
726 :499 53 727 725 
727 :186 714 16 728 726 
728 :233 779 915 729 727 
729 :730 728 
730 :979 731 729 
731 :800 940 814 916 460 732 730 
732 :733 731 
733 :172 734 732 
734 :735 733 
735 :596 736 734 
736 :921 439 737 735 
737 :738 702 698 46 738 736 
738 :737 263 739 737 
739 :152 308 740 738 
740 :741 739 
741 :898 742 740 
742 :89 743 741 
743 :900 722 832 210 744 742 
744 :791 933 715 631 745 743 
745 :464 746 744 
746 :813 747 745 
747 :218 720 748 746 
748 :749 747 
749 :750 748 
750 :313 981 751 749 
751 :44 614 920 168 752 750 
752 :979 753 751 
753 :454 754 752 
754 :823 187 755 753 
755 :122 206 124 638 756 754 
756 :119 963 123 757 755 
757 :206 416 758 756 
758 :547 565 759 757 
759 :246 202 760 758 
760 :865 973 303 573 669 761 759 
761 :368 104 446 762 760 
762 :981 31 763 761 
763 :218 264 764 762 
764 :245 621 561 765 763 
765 :902 6 766 764 
766 :521 313 767 765 
767 :980 700 778 768 766 
768 :217 321 375 769 767 
769 :304 770 768 
770 :637 771 769 
771 :868 26 772 770 
772 :653 623 85 825 773 771 
773 :922 774 772 
774 :669 577 775 773 
775 :408 678 74 776 774 
776 :599 517 837 223 777 775 
777 :286 778 776 
778 :603 579 767 959 779 777 
779 :560 728 106 894 848 780 778 
780 :679 803 781 779 
781 :782 780 
782 :289 831 783 781 
783 :784 782 
784 :21 785 783 
785 :452 786 784 
786 :545 497 921 787 785 
787 :160 788 786 
788 :145 833 789 787 
789 :506 790 788 
790 :81 493 791 789 
791 :744 258 792 790 
792 :73 551 443 793 791 
793 :794 792 
794 :545 795 793 
795 :372 796 794 
796 :699 797 795 
797 :954 798 796 
798 :109 585 407 799 797 
799 :998 800 798 
800 :665 731 135 519 103 349 693 801 799 
801 :680 802 800 
802 :483 803 801 
803 :582 436 252 780 956 804 802 
804 :849 805 803 
805 :806 804 
806 :867 809 807 805 
807 :50 564 330 716 824 808 806 
808 :137 809 807 
809 :806 540 810 808 
810 :179 619 881 489 273 227 305 811 809 
811 :78 812 810 
812 :937 63 413 451 53 813 811 
813 :148 746 4 814 812 
814 :639 731 815 813 
815 :678 518 14 816 814 
816 :369 119 35 817 815 
817 :818 816 
818 :819 817 
819 :308 960 820 818 
820 :975 103 821 819 
821 :938 354 938 822 820 
822 :125 231 823 821 
823 :754 34 824 822 
824 :587 645 807 825 823 
825 :256 772 826 824 
826 :73 949 715 827 825 
827 :828 826 
828 :899 357 575 829 827 
829 :538 830 828 
830 :27 831 829 
831 :964 782 832 830 
832 :489 743 447 293 833 831 
833 :544 666 34 788 120 834 832 
834 :397 155 835 833 
835 :316 262 836 834 
836 :837 835 
837 :776 838 836 
838 :325 691 839 837 
839 :840 838 
840 :687 841 839 
841 :268 842 840 
842 :843 841 
843 :844 842 
844 :909 845 843 
845 :306 846 844 
846 :415 355 847 845 
847 :216 876 848 846 
848 :193 779 849 847 
849 :804 850 848 
850 :181 851 849 
851 :852 850 
852 :853 851 
853 :688 854 852 
854 :495 27 855 853 
855 :856 854 
856 :335 507 857 855 
857 :298 858 856 
858 :859 857 
859 :322 510 356 860 858 
860 :303 861 859 
861 :862 860 
862 :863 861 
863 :974 864 862 
864 :403 717 93 865 863 
865 :760 866 864 
866 :371 345 445 867 865 
867 :806 898 94 204 868 866 
868 :771 869 867 
869 :870 868 
870 :955 201 871 869 
871 :296 456 100 872 870 
872 :469 39 409 873 871 
873 :300 310 702 874 872 
874 :875 873 
875 :166 876 874 
876 :847 189 581 271 877 875 
877 :618 630 878 876 
878 :879 877 
879 :62 880 878 
880 :151 881 879 
881 :226 810 442 882 880 
882 :13 883 881 
883 :642 156 884 882 
884 :885 883 
885 :26 886 884 
886 :289 597 55 301 887 885 
887 :612 38 940 888 886 
888 :111 889 887 
889 :890 888 
890 :903 323 891 889 
891 :506 688 316 704 892 890 
892 :275 593 293 893 891 
893 :228 30 944 894 892 
894 :185 141 779 895 893 
895 :466 722 48 58 896 894 
896 :897 895 
897 :282 290 588 720 898 896 
898 :867 741 899 897 
899 :828 572 900 898 
900 :743 901 899 
901 :324 962 584 902 900 
902 :287 765 725 437 903 901 
903 :890 258 904 902 
904 :107 83 647 197 905 903 
905 :524 84 10 906 904 
906 :205 907 905 
907 :938 908 906 
908 :909 907 
909 :844 910 908 
910 :911 909 
911 :912 910 
912 :589 193 53 589 913 911 
913 :914 912 
914 :445 103 915 913 
915 :728 542 916 914 
916 :731 917 915 
917 :232 918 916 
918 :379 919 917 
919 :386 530 920 918 
920 :135 751 921 919 
921 :736 204 714 786 922 920 
922 :773 723 923 921 
923 :168 924 922 
924 :925 923 
925 :230 926 924 
926 :151 927 925 
927 :376 928 926 
928 :273 929 927 
929 :930 928 
930 :931 929 
931 :932 930 
932 :723 979 403 933 931 
933 :744 348 152 992 934 932 
934 :703 165 935 933 
935 :312 936 934 
936 :515 81 937 935 
937 :412 354 86 812 938 936 
938 :821 907 821 97 939 937 
939 :692 940 938 
940 :663 455 731 887 941 939 
941 :196 942 940 
942 :617 587 151 671 943 941 
943 :390 124 556 944 942 
944 :987 381 5 259 893 945 943 
945 :360 946 944 
946 :623 415 525 947 945 
947 :948 946 
948 :255 949 947 
949 :718 826 80 572 950 948 
950 :319 951 949 
951 :952 950 
952 :303 953 951 
953 :168 126 64 954 952 
954 :797 975 323 69 441 963 955 953 
955 :178 678 870 418 522 956 954 
956 :47 13 279 803 957 955 
957 :446 108 716 958 956 
958 :495 623 669 225 1 959 957 
959 :778 960 958 
960 :819 961 959 
961 :688 702 966 962 960 
962 :901 487 963 961 
963 :756 646 368 954 964 962 
964 :831 37 965 963 
965 :8 518 966 964 
966 :961 967 965 
967 :644 68 968 966 
968 :71 525 969 967 
969 :564 556 970 968 
970 :971 969 
971 :314 972 970 
972 :103 249 187 9 973 971 
973 :760 974 972 
974 :863 251 975 973 
975 :820 954 462 976 974 
976 :19 91 977 975 
977 :342 978 976 
978 :557 39 979 977 
979 :932 730 752 980 978 
980 :301 767 583 981 979 
981 :762 658 750 982 980 
982 :403 495 355 523 983 981 
983 :88 984 982 
984 :985 983 
985 :466 336 986 984 
986 :691 987 985 
987 :944 178 988 986 
988 :989 987 
989 :476 308 990 988 
990 :991 989 
991 :992 990 
992 :167 933 993 991 
993 :122 994 992 
994 :995 993 
995 :458 996 996 994 
996 :995 997 995 
997 :532 998 996 
998 :311 33 799 237 999 997 
999 :336 998 
Input graph is Bipartite!



java BipartiteGraph <largeGraph2.txt >>lab4results.txt
adjacency lists
0 :998 317 253 1 
1 :706 632 958 2 0 
2 :623 249 167 3 1 
3 :128 4 2 
4 :291 813 5 3 
5 :82 374 944 6 4 
6 :403 141 765 7 5 
7 :448 8 6 
8 :469 965 9 7 
9 :404 972 10 8 
10 :241 607 333 905 11 9 
11 :120 12 10 
12 :353 13 11 
13 :516 326 956 882 14 12 
14 :157 403 815 15 13 
15 :16 14 
16 :727 283 59 17 15 
17 :614 18 16 
18 :673 85 19 17 
19 :976 20 18 
20 :229 455 21 19 
21 :784 22 20 
22 :335 23 21 
23 :392 24 22 
24 :529 719 403 261 245 25 23 
25 :26 24 
26 :885 555 287 771 383 27 25 
27 :30 830 854 28 26 
28 :389 219 29 27 
29 :260 336 30 28 
30 :27 893 107 31 29 
31 :762 32 30 
32 :315 33 31 
33 :518 688 998 128 470 228 34 32 
34 :573 833 823 35 33 
35 :80 660 816 36 34 
36 :95 37 35 
37 :964 38 36 
38 :307 887 39 37 
39 :872 978 40 38 
40 :161 529 585 41 39 
41 :226 254 42 40 
42 :323 43 41 
43 :162 596 44 42 
44 :751 267 483 713 45 43 
45 :356 178 46 44 
46 :737 585 47 45 
47 :956 48 46 
48 :505 393 895 49 47 
49 :194 50 48 
50 :271 807 93 333 51 49 
51 :582 52 50 
52 :413 363 53 51 
53 :726 912 812 534 54 52 
54 :55 53 
55 :886 234 56 54 
56 :311 57 55 
57 :598 138 392 58 56 
58 :895 59 57 
59 :130 134 16 60 58 
60 :539 61 59 
61 :62 60 
62 :879 63 115 63 61 
63 :62 812 364 64 62 
64 :953 65 63 
65 :252 610 66 64 
66 :591 109 67 65 
67 :110 314 716 68 66 
68 :193 967 69 67 
69 :214 954 542 70 68 
70 :337 71 69 
71 :968 114 72 70 
72 :587 487 173 631 131 73 71 
73 :536 792 826 300 508 424 590 74 72 
74 :689 699 775 75 73 
75 :434 168 76 74 
76 :481 77 75 
77 :286 384 386 78 76 
78 :495 811 133 583 79 77 
79 :110 80 78 
80 :35 571 949 81 79 
81 :790 936 198 82 80 
82 :5 689 83 81 
83 :312 904 670 84 82 
84 :481 515 905 85 83 
85 :772 540 18 86 84 
86 :937 87 85 
87 :88 86 
88 :983 687 89 87 
89 :742 90 88 
90 :249 91 89 
91 :422 976 614 92 90 
92 :677 193 205 93 91 
93 :50 864 136 94 92 
94 :867 95 93 
95 :36 96 94 
96 :241 97 95 
97 :142 938 98 96 
98 :387 491 99 97 
99 :546 100 98 
100 :175 871 101 99 
101 :462 542 102 100 
102 :481 103 101 
103 :800 286 972 820 914 104 102 
104 :761 105 103 
105 :666 106 104 
106 :377 641 779 107 105 
107 :422 904 156 30 108 106 
108 :605 957 109 107 
109 :798 66 110 108 
110 :67 79 461 111 109 
111 :888 704 442 112 110 
112 :205 589 113 111 
113 :586 484 114 112 
114 :379 71 187 115 113 
115 :62 594 116 114 
116 :117 115 
117 :132 118 116 
118 :119 117 
119 :756 494 816 120 118 
120 :11 833 121 119 
121 :580 122 120 
122 :993 755 383 123 121 
123 :504 756 124 122 
124 :943 755 257 125 123 
125 :822 722 646 224 126 124 
126 :347 953 455 127 125 
127 :568 128 126 
128 :235 33 3 129 127 
129 :368 648 720 478 716 130 128 
130 :59 631 537 131 129 
131 :524 542 608 72 132 130 
132 :153 715 117 133 131 
133 :378 78 134 132 
134 :261 269 59 135 133 
135 :800 920 334 136 134 
136 :93 137 135 
137 :528 808 138 136 
138 :705 139 57 411 537 139 137 
139 :138 140 138 
140 :235 141 139 
141 :706 638 894 6 142 140 
142 :97 143 141 
143 :144 142 
144 :463 623 145 143 
145 :490 666 788 476 146 144 
146 :625 725 147 145 
147 :148 146 
148 :813 673 149 147 
149 :150 148 
150 :361 221 151 149 
151 :926 942 634 880 152 150 
152 :739 719 933 623 153 151 
153 :132 718 340 154 152 
154 :719 557 355 155 153 
155 :608 834 156 154 
156 :107 513 883 157 155 
157 :14 158 156 
158 :159 157 
159 :318 160 158 
160 :453 517 393 351 787 161 159 
161 :436 40 452 162 160 
162 :43 163 161 
163 :284 280 404 164 162 
164 :165 163 
165 :424 934 166 164 
166 :875 167 165 
167 :992 2 168 166 
168 :953 923 75 751 169 167 
169 :716 170 168 
170 :171 169 
171 :172 170 
172 :527 701 733 173 171 
173 :574 72 174 172 
174 :195 175 173 
175 :646 100 176 174 
176 :543 297 177 175 
177 :216 234 538 178 176 
178 :987 955 45 425 179 177 
179 :810 550 180 178 
180 :243 283 421 181 179 
181 :618 344 702 850 182 180 
182 :321 183 181 
183 :230 184 182 
184 :185 183 
185 :894 186 184 
186 :575 727 187 185 
187 :532 608 594 114 754 972 188 186 
188 :375 189 187 
189 :216 876 190 188 
190 :331 689 191 189 
191 :192 190 
192 :253 193 191 
193 :848 274 912 68 92 676 194 192 
194 :49 243 195 193 
195 :174 196 194 
196 :941 465 197 195 
197 :904 612 198 196 
198 :81 199 197 
199 :200 198 
200 :305 201 199 
201 :690 870 202 200 
202 :241 759 203 201 
203 :206 502 204 202 
204 :921 867 725 205 203 
205 :588 112 512 92 906 206 204 
206 :203 757 755 441 207 205 
207 :208 206 
208 :451 615 209 207 
209 :564 280 390 210 208 
210 :743 517 211 209 
211 :540 212 210 
212 :673 373 213 211 
213 :608 214 212 
214 :69 215 213 
215 :216 214 
216 :847 189 177 475 217 215 
217 :768 218 216 
218 :747 763 219 217 
219 :302 724 28 572 220 218 
220 :443 221 219 
221 :694 454 604 150 222 220 
222 :223 581 223 221 
223 :222 776 224 222 
224 :227 519 125 225 223 
225 :958 226 224 
226 :881 41 227 225 
227 :224 484 810 228 226 
228 :893 419 529 33 229 227 
229 :20 230 228 
230 :183 925 231 229 
231 :714 822 232 230 
232 :917 233 231 
233 :602 728 414 234 232 
234 :55 429 177 339 235 233 
235 :706 128 140 236 234 
236 :237 235 
237 :548 998 716 238 236 
238 :391 361 239 237 
239 :422 240 238 
240 :333 701 241 239 
241 :96 10 202 242 240 
242 :565 433 243 241 
243 :180 194 244 242 
244 :315 477 335 245 243 
245 :764 356 24 246 244 
246 :625 759 671 247 245 
247 :640 248 246 
248 :249 247 
249 :422 506 2 90 972 250 248 
250 :629 307 251 249 
251 :974 252 250 
252 :65 803 261 253 251 
253 :192 0 254 252 
254 :359 41 255 253 
255 :948 700 256 254 
256 :651 825 257 255 
257 :124 258 256 
258 :791 903 575 259 257 
259 :944 260 258 
260 :29 261 259 
261 :134 668 24 252 262 260 
262 :367 513 645 531 835 263 261 
263 :738 264 262 
264 :459 763 265 263 
265 :266 264 
266 :317 581 267 265 
267 :44 268 266 
268 :841 269 267 
269 :134 270 268 
270 :441 271 269 
271 :50 876 272 270 
272 :273 271 
273 :810 928 274 272 
274 :193 599 275 273 
275 :892 516 450 276 274 
276 :277 275 
277 :430 286 498 572 278 276 
278 :279 277 
279 :956 280 278 
280 :209 163 281 279 
281 :282 280 
282 :897 421 283 281 
283 :180 16 572 284 282 
284 :163 285 283 
285 :454 286 284 
286 :77 593 103 481 277 507 495 777 287 285 
287 :902 26 288 286 
288 :289 287 
289 :886 782 294 592 334 310 290 288 
290 :897 291 289 
291 :4 310 292 290 
292 :617 293 291 
293 :892 832 294 292 
294 :289 295 293 
295 :296 294 
296 :871 297 295 
297 :176 298 296 
298 :857 325 299 297 
299 :300 298 
300 :873 73 301 299 
301 :980 886 302 300 
302 :219 463 303 301 
303 :952 388 760 860 580 304 302 
304 :503 769 521 305 303 
305 :200 810 306 304 
306 :585 845 307 305 
307 :38 638 250 308 306 
308 :819 739 989 309 307 
309 :654 686 310 308 
310 :873 289 291 311 309 
311 :998 56 384 312 310 
312 :83 935 313 311 
313 :766 750 314 312 
314 :477 971 67 379 315 313 
315 :32 244 316 314 
316 :451 607 835 891 317 315 
317 :266 408 0 318 316 
318 :159 349 319 317 
319 :950 320 318 
320 :615 461 321 319 
321 :592 768 182 422 322 320 
322 :625 859 323 321 
323 :42 890 954 324 322 
324 :497 901 715 325 323 
325 :838 298 594 326 324 
326 :13 493 327 325 
327 :518 406 328 326 
328 :329 327 
329 :330 328 
330 :611 807 331 329 
331 :190 508 412 332 330 
332 :333 331 
333 :240 534 10 50 334 332 
334 :289 135 335 333 
335 :856 244 22 336 334 
336 :985 999 29 337 335 
337 :70 362 338 336 
338 :339 337 
339 :506 234 340 338 
340 :615 153 377 341 339 
341 :532 342 340 
342 :977 447 343 341 
343 :668 596 444 344 342 
344 :181 679 345 343 
345 :512 866 346 344 
346 :417 347 345 
347 :126 396 348 346 
348 :933 349 347 
349 :800 598 318 350 348 
350 :595 351 349 
351 :160 352 350 
352 :353 351 
353 :12 354 352 
354 :937 821 355 353 
355 :462 450 982 846 154 356 354 
356 :859 45 537 245 357 355 
357 :828 358 356 
358 :385 639 359 357 
359 :506 254 372 360 358 
360 :561 945 547 361 359 
361 :150 610 238 362 360 
362 :337 421 363 361 
363 :52 508 364 362 
364 :385 63 365 363 
365 :366 364 
366 :663 367 365 
367 :494 262 368 366 
368 :129 761 963 369 367 
369 :816 370 368 
370 :439 683 529 371 369 
371 :866 372 370 
372 :475 795 359 525 373 371 
373 :212 374 372 
374 :5 375 373 
375 :580 188 768 376 374 
376 :927 377 375 
377 :106 340 378 376 
378 :421 133 379 377 
379 :918 114 314 380 378 
380 :381 379 
381 :944 382 380 
382 :383 381 
383 :692 122 414 26 396 384 382 
384 :567 77 311 447 385 383 
385 :364 358 490 670 386 384 
386 :919 77 387 385 
387 :98 508 388 386 
388 :469 303 389 387 
389 :28 420 390 388 
390 :943 719 209 391 389 
391 :238 392 390 
392 :617 23 57 393 391 
393 :160 48 394 392 
394 :395 393 
395 :716 396 394 
396 :347 383 397 395 
397 :834 398 396 
398 :399 397 
399 :400 398 
400 :401 399 
401 :402 400 
402 :403 401 
403 :932 982 864 6 24 14 404 402 
404 :9 163 405 403 
405 :698 628 406 404 
406 :665 327 407 405 
407 :798 408 406 
408 :775 459 317 409 407 
409 :872 490 410 408 
410 :411 409 
411 :138 412 410 
412 :937 331 413 411 
413 :52 812 716 414 412 
414 :383 233 415 413 
415 :448 846 946 416 414 
416 :757 417 415 
417 :346 642 418 416 
418 :621 955 419 417 
419 :228 420 418 
420 :389 493 421 419 
421 :180 378 362 458 282 422 420 
422 :91 107 239 249 321 561 423 421 
423 :424 422 
424 :673 165 73 425 423 
425 :178 426 424 
426 :427 425 
427 :498 708 428 426 
428 :429 427 
429 :234 430 428 
430 :277 565 551 431 429 
431 :432 430 
432 :433 431 
433 :242 434 432 
434 :75 703 435 433 
435 :540 436 434 
436 :161 803 583 437 435 
437 :902 438 436 
438 :709 439 437 
439 :370 736 440 438 
440 :441 439 
441 :206 954 270 442 440 
442 :881 497 111 443 441 
443 :220 792 444 442 
444 :343 445 443 
445 :866 914 446 444 
446 :957 761 447 445 
447 :342 832 384 448 446 
448 :415 7 529 449 447 
449 :450 448 
450 :503 355 275 451 449 
451 :208 316 812 614 460 452 450 
452 :785 161 453 451 
453 :160 454 452 
454 :221 285 753 455 453 
455 :940 20 126 456 454 
456 :871 457 455 
457 :458 456 
458 :995 421 459 457 
459 :264 408 690 460 458 
460 :619 731 451 461 459 
461 :320 618 110 462 460 
462 :355 101 975 463 461 
463 :144 302 464 462 
464 :745 465 463 
465 :196 466 464 
466 :985 895 511 467 465 
467 :468 466 
468 :557 469 467 
469 :8 388 872 470 468 
470 :33 471 469 
471 :472 470 
472 :473 471 
473 :474 472 
474 :507 475 473 
475 :372 216 476 474 
476 :989 145 477 475 
477 :314 244 478 476 
478 :129 479 477 
479 :644 480 478 
480 :551 481 479 
481 :84 102 286 76 482 480 
482 :641 483 481 
483 :44 802 484 482 
484 :113 227 485 483 
485 :570 534 486 484 
486 :487 485 
487 :962 72 578 488 486 
488 :489 487 
489 :832 810 490 488 
490 :145 385 409 491 491 489 
491 :688 98 490 492 490 
492 :493 491 
493 :326 420 790 494 492 
494 :645 367 119 495 493 
495 :958 78 982 854 286 496 494 
496 :497 495 
497 :324 618 442 786 498 496 
498 :427 277 499 497 
499 :726 500 498 
500 :501 499 
501 :502 500 
502 :203 503 501 
503 :450 304 610 638 504 502 
504 :123 505 503 
505 :48 506 504 
506 :359 891 249 789 339 637 507 505 
507 :474 286 856 508 506 
508 :331 599 73 363 387 509 507 
509 :510 508 
510 :859 511 509 
511 :466 512 510 
512 :345 205 513 511 
513 :262 602 156 514 512 
514 :515 513 
515 :666 84 936 516 514 
516 :13 609 275 573 517 515 
517 :160 776 210 518 516 
518 :33 327 965 815 519 517 
519 :800 224 520 518 
520 :521 519 
521 :766 304 522 520 
522 :955 523 521 
523 :596 982 524 522 
524 :131 905 525 523 
525 :372 968 946 526 524 
526 :527 525 
527 :172 528 526 
528 :137 529 527 
529 :24 40 660 448 228 370 530 528 
530 :919 531 529 
531 :642 262 532 530 
532 :187 341 997 533 531 
533 :534 532 
534 :333 485 53 547 535 533 
535 :536 534 
536 :73 537 535 
537 :356 138 130 538 536 
538 :829 613 661 177 539 537 
539 :60 540 538 
540 :211 809 85 435 541 539 
541 :542 540 
542 :131 101 915 69 543 541 
543 :176 544 542 
544 :833 545 543 
545 :786 794 546 544 
546 :99 547 545 
547 :658 360 758 534 548 546 
548 :237 689 549 547 
549 :550 548 
550 :179 551 549 
551 :480 694 576 792 430 552 550 
552 :553 551 
553 :554 552 
554 :711 555 553 
555 :26 556 554 
556 :597 943 969 557 555 
557 :978 468 154 558 556 
558 :559 557 
559 :636 560 558 
560 :779 561 559 
561 :360 764 422 562 560 
562 :711 623 563 561 
563 :564 562 
564 :807 209 969 565 563 
565 :242 758 430 566 564 
566 :567 565 
567 :384 568 566 
568 :127 569 567 
569 :570 568 
570 :485 693 653 571 569 
571 :80 572 570 
572 :899 219 277 949 283 573 571 
573 :34 516 760 574 572 
574 :173 575 573 
575 :186 828 258 576 574 
576 :551 577 575 
577 :774 578 576 
578 :721 487 579 577 
579 :778 580 578 
580 :375 121 303 581 579 
581 :222 876 266 582 580 
582 :803 51 583 581 
583 :980 436 78 584 582 
584 :901 585 583 
585 :306 704 40 798 46 586 584 
586 :113 587 585 
587 :824 72 942 588 586 
588 :643 205 607 897 719 589 587 
589 :912 112 912 590 588 
590 :73 591 589 
591 :66 628 592 590 
592 :321 673 289 593 591 
593 :892 286 594 592 
594 :187 115 325 595 593 
595 :716 350 662 596 594 
596 :523 343 735 43 597 595 
597 :886 556 598 596 
598 :57 349 599 597 
599 :776 274 508 600 598 
600 :601 599 
601 :666 602 600 
602 :233 513 603 601 
603 :778 604 602 
604 :221 605 603 
605 :108 606 604 
606 :607 605 
607 :10 316 588 608 606 
608 :155 187 213 131 609 607 
609 :516 610 608 
610 :723 361 65 503 611 609 
611 :330 612 610 
612 :887 691 197 613 611 
613 :538 614 612 
614 :17 91 451 751 615 613 
615 :320 208 340 616 614 
616 :709 617 615 
617 :662 942 392 292 618 616 
618 :497 181 877 461 619 617 
619 :810 460 620 618 
620 :621 619 
621 :418 764 650 664 622 620 
622 :623 621 
623 :2 772 946 958 144 152 562 624 622 
624 :625 623 
625 :322 146 246 626 624 
626 :667 627 625 
627 :704 628 626 
628 :591 707 405 629 627 
629 :250 630 628 
630 :877 631 629 
631 :130 72 744 632 630 
632 :675 1 633 631 
633 :634 632 
634 :151 701 635 633 
635 :636 634 
636 :559 637 635 
637 :770 506 638 636 
638 :141 503 307 755 639 637 
639 :814 358 640 638 
640 :247 641 639 
641 :106 482 642 640 
642 :531 417 883 643 641 
643 :588 644 642 
644 :479 967 645 643 
645 :494 262 824 646 644 
646 :175 963 125 647 645 
647 :904 648 646 
648 :129 649 647 
649 :694 650 648 
650 :621 687 725 651 649 
651 :256 652 650 
652 :653 651 
653 :772 570 654 652 
654 :309 655 653 
655 :656 654 
656 :657 655 
657 :658 656 
658 :547 981 715 659 657 
659 :716 660 658 
660 :529 35 661 659 
661 :538 662 660 
662 :617 595 663 661 
663 :940 366 664 662 
664 :621 665 663 
665 :406 800 666 664 
666 :145 515 105 833 601 667 665 
667 :626 668 666 
668 :261 343 669 667 
669 :774 958 760 670 668 
670 :385 83 671 669 
671 :246 942 672 670 
672 :723 673 671 
673 :424 592 18 212 148 674 672 
674 :675 673 
675 :632 676 674 
676 :715 193 677 675 
677 :92 678 676 
678 :815 775 955 679 677 
679 :344 780 680 678 
680 :801 681 679 
681 :682 680 
682 :683 683 681 
683 :682 370 684 682 
684 :685 683 
685 :686 684 
686 :309 687 685 
687 :840 650 722 88 688 686 
688 :961 891 853 33 491 689 687 
689 :74 548 82 190 690 688 
690 :201 459 691 689 
691 :986 838 612 692 690 
692 :383 939 693 691 
693 :570 800 694 692 
694 :221 551 649 695 693 
695 :696 694 
696 :697 695 
697 :698 696 
698 :405 737 699 697 
699 :74 796 700 698 
700 :255 767 701 699 
701 :172 240 634 702 700 
702 :961 737 181 873 703 701 
703 :934 434 704 702 
704 :585 627 111 891 705 703 
705 :138 706 704 
706 :235 141 1 707 705 
707 :628 708 706 
708 :427 709 707 
709 :616 438 710 708 
710 :711 709 
711 :562 554 712 710 
712 :713 711 
713 :44 714 712 
714 :231 727 921 715 713 
715 :324 132 676 658 744 826 716 714 
716 :595 67 659 395 169 807 413 129 957 237 717 715 
717 :864 718 716 
718 :949 153 719 717 
719 :390 24 152 154 588 720 718 
720 :129 747 897 721 719 
721 :578 722 720 
722 :687 895 743 125 723 721 
723 :932 610 922 672 724 722 
724 :219 725 723 
725 :902 146 650 204 726 724 
726 :499 53 727 725 
727 :186 714 16 728 726 
728 :233 779 915 729 727 
729 :730 728 
730 :979 731 729 
731 :800 940 814 916 460 732 730 
732 :733 731 
733 :172 734 732 
734 :735 733 
735 :596 736 734 
736 :921 439 737 735 
737 :738 702 698 46 738 736 
738 :737 263 739 737 
739 :152 308 740 738 
740 :741 739 
741 :898 742 740 
742 :89 743 741 
743 :900 722 832 210 744 742 
744 :791 933 715 631 745 743 
745 :464 746 744 
746 :813 747 745 
747 :218 720 748 746 
748 :749 747 
749 :750 748 
750 :313 981 751 749 
751 :44 614 920 168 752 750 
752 :979 753 751 
753 :454 754 752 
754 :823 187 755 753 
755 :122 206 124 638 756 754 
756 :119 963 123 757 755 
757 :206 416 758 756 
758 :547 565 759 757 
759 :246 202 760 758 
760 :865 973 303 573 669 761 759 
761 :368 104 446 762 760 
762 :981 31 763 761 
763 :218 264 764 762 
764 :245 621 561 765 763 
765 :902 6 766 764 
766 :521 313 767 765 
767 :980 700 778 768 766 
768 :217 321 375 769 767 
769 :304 770 768 
770 :637 771 769 
771 :868 26 772 770 
772 :653 623 85 825 773 771 
773 :922 774 772 
774 :669 577 775 773 
775 :408 678 74 776 774 
776 :599 517 837 223 777 775 
777 :286 778 776 
778 :603 579 767 959 779 777 
779 :560 728 106 894 848 780 778 
780 :679 803 781 779 
781 :782 780 
782 :289 831 783 781 
783 :784 782 
784 :21 785 783 
785 :452 786 784 
786 :545 497 921 787 785 
787 :160 788 786 
788 :145 833 789 787 
789 :506 790 788 
790 :81 493 791 789 
791 :744 258 792 790 
792 :73 551 443 793 791 
793 :794 792 
794 :545 795 793 
795 :372 796 794 
796 :699 797 795 
797 :954 798 796 
798 :109 585 407 799 797 
799 :998 800 798 
800 :665 731 135 519 103 349 693 801 799 
801 :680 802 800 
802 :483 803 801 
803 :582 436 252 780 956 804 802 
804 :849 805 803 
805 :806 804 
806 :867 809 807 805 
807 :50 564 330 716 824 808 806 
808 :137 809 807 
809 :806 540 810 808 
810 :179 619 881 489 273 227 305 811 809 
811 :78 812 810 
812 :937 63 413 451 53 813 811 
813 :148 746 4 814 812 
814 :639 731 815 813 
815 :678 518 14 816 814 
816 :369 119 35 817 815 
817 :818 816 
818 :819 817 
819 :308 960 820 818 
820 :975 103 821 819 
821 :938 354 938 822 820 
822 :125 231 823 821 
823 :754 34 824 822 
824 :587 645 807 825 823 
825 :256 772 826 824 
826 :73 949 715 827 825 
827 :828 826 
828 :899 357 575 829 827 
829 :538 830 828 
830 :27 831 829 
831 :964 782 832 830 
832 :489 743 447 293 833 831 
833 :544 666 34 788 120 834 832 
834 :397 155 835 833 
835 :316 262 836 834 
836 :837 835 
837 :776 838 836 
838 :325 691 839 837 
839 :840 838 
840 :687 841 839 
841 :268 842 840 
842 :843 841 
843 :844 842 
844 :909 845 843 
845 :306 846 844 
846 :415 355 847 845 
847 :216 876 848 846 
848 :193 779 849 847 
849 :804 850 848 
850 :181 851 849 
851 :852 850 
852 :853 851 
853 :688 854 852 
854 :495 27 855 853 
855 :856 854 
856 :335 507 857 855 
857 :298 858 856 
858 :859 857 
859 :322 510 356 860 858 
860 :303 861 859 
861 :862 860 
862 :863 861 
863 :974 864 862 
864 :403 717 93 865 863 
865 :760 866 864 
866 :371 345 445 867 865 
867 :806 898 94 204 868 866 
868 :771 869 867 
869 :870 868 
870 :955 201 871 869 
871 :296 456 100 872 870 
872 :469 39 409 873 871 
873 :300 310 702 874 872 
874 :875 873 
875 :166 876 874 
876 :847 189 581 271 877 875 
877 :618 630 878 876 
878 :879 877 
879 :62 880 878 
880 :151 881 879 
881 :226 810 442 882 880 
882 :13 883 881 
883 :642 156 884 882 
884 :885 883 
885 :26 886 884 
886 :289 597 55 301 887 885 
887 :612 38 940 888 886 
888 :111 889 887 
889 :890 888 
890 :903 323 891 889 
891 :506 688 316 704 892 890 
892 :275 593 293 893 891 
893 :228 30 944 894 892 
894 :185 141 779 895 893 
895 :466 722 48 58 896 894 
896 :897 895 
897 :282 290 588 720 898 896 
898 :867 741 899 897 
899 :828 572 900 898 
900 :743 901 899 
901 :324 962 584 902 900 
902 :287 765 725 437 903 901 
903 :890 258 904 902 
904 :107 83 647 197 905 903 
905 :524 84 10 906 904 
906 :205 907 905 
907 :938 908 906 
908 :909 907 
909 :844 910 908 
910 :911 909 
911 :912 910 
912 :589 193 53 589 913 911 
913 :914 912 
914 :445 103 915 913 
915 :728 542 916 914 
916 :731 917 915 
917 :232 918 916 
918 :379 919 917 
919 :386 530 920 918 
920 :135 751 921 919 
921 :736 204 714 786 922 920 
922 :773 723 923 921 
923 :168 924 922 
924 :925 923 
925 :230 926 924 
926 :151 927 925 
927 :376 928 926 
928 :273 929 927 
929 :930 928 
930 :931 929 
931 :932 930 
932 :723 979 403 933 931 
933 :744 348 152 992 934 932 
934 :703 165 935 933 
935 :312 936 934 
936 :515 81 937 935 
937 :412 354 86 812 938 936 
938 :821 907 821 97 939 937 
939 :692 940 938 
940 :663 455 731 887 941 939 
941 :196 942 940 
942 :617 587 151 671 943 941 
943 :390 124 556 944 942 
944 :987 381 5 259 893 945 943 
945 :360 946 944 
946 :623 415 525 947 945 
947 :948 946 
948 :255 949 947 
949 :718 826 80 572 950 948 
950 :319 951 949 
951 :952 950 
952 :303 953 951 
953 :168 126 64 954 952 
954 :797 975 323 69 441 963 955 953 
955 :178 678 870 418 522 956 954 
956 :47 13 279 803 957 955 
957 :446 108 716 958 956 
958 :495 623 669 225 1 959 957 
959 :778 960 958 
960 :819 961 959 
961 :688 702 966 962 960 
962 :901 487 963 961 
963 :756 646 368 954 964 962 
964 :831 37 965 963 
965 :8 518 966 964 
966 :961 967 965 
967 :644 68 968 966 
968 :71 525 969 967 
969 :564 556 970 968 
970 :971 969 
971 :314 972 970 
972 :103 249 187 9 973 971 
973 :760 974 972 
974 :863 251 975 973 
975 :820 954 462 976 974 
976 :19 91 977 975 
977 :342 978 976 
978 :557 39 979 977 
979 :932 730 752 980 978 
980 :301 767 583 981 979 
981 :762 658 750 982 980 
982 :403 495 355 523 983 981 
983 :88 984 982 
984 :985 983 
985 :466 336 986 984 
986 :691 987 985 
987 :944 178 988 986 
988 :989 987 
989 :476 308 990 988 
990 :991 989 
991 :992 990 
992 :167 933 993 991 
993 :122 994 992 
994 :995 993 
995 :458 996 996 994 
996 :995 997 995 
997 :532 998 996 
998 :0 311 33 799 237 999 997 
999 :336 998 
Input graph is NOT Bipartite!
Odd cycle found
Cycle : (688 961 702 737 738 263 264 459 408 775 678 815 518 33 998 0 317 266 581 222 223 776 599 274 193 848 779 560 561 360 945 946 623 2 249 422 91 976 19 20 229 230 183 184 185 894 141 706 235 128 3 4 291 310 873 300 73 536 537 356 859 322 625 146 725 902 287 26 885 886 289 782 831 964 37 38 307 638 503 450 355 462 101 542 131 524 905 84 481 102 103 800 665 406 327 328 329 330 611 612 887 940 663 366 367 494 645 262 513 602 233 728 915 916 731 814 639 358 385 364 63 62 879 880 151 926 927 376 377 106 641 482 483 44 751 614 17 18 673 424 165 934 703 434 75 168 953 126 347 396 383 692 939 938 821 354 937 412 331 190 689 74 699 796 797 954 975 820 819 308 739 152 719 390 943 124 755 122 993 994 995 458 421 180 243 194 49 50 271 876 847 216 189 188 375 580 121 120 11 12 353 352 351 160 453 454 221 694 551 480 479 644 967 68 69 214 215 213 608 155 834 397 398 399 400 401 402 403 932 723 610 361 150 149 148 813 746 747 218 763 764 245 24 529 40 161 436 803 582 51 52 413 812 451 208 615 320 461 618 497 324 901 962 487 72 587 824 807 564 209 280 163 284 285 286 77 384 567 568 127 569 570 485 534 333 240 701 172 527 528 137 808 809 806 867 898 741 742 89 90 88 983 984 985 466 895 722 687 840 841 268 269 134 261 668 343 596 523 982 495 958 669 774 577 578 721 720 129 368 761 104 105 666 145 490 409 872 469 8 965 966 9 404 405 698 697 696 695 628 591 66 109 798 585 306 845 846 415 448 7 6 765 766 521 304 769 770 637 506 359 254 41 226 881 810 179 550 549 548 237 716 595 350 349 598 57 138 705 704 627 626 667 111 888 889 890 903 258 791 744 933 348 992 167 166 875 874 991 990 989 476 477 314 971 972 187 532 341 342 977 978 557 468 467 154 153 132 715 676 677 92 205 588 643 642 531 530 919 386 387 98 491 492 493 326 13 516 609 275 892 593 594 115 116 117 118 119 756 963 646 175 100 871 296 297 176 543 544 833 34 573 760 865 866 371 372 475 474 507 856 335 244 315 32 31 762 981 658 547 758 565 242 433 432 431 430 277 498 427 708 709 616 617 662 661 538 829 830 27 30 893 228 419 420 389 28 219 302 463 144 143 142 97 96 241 10 607 316 835 836 837 838 325 298 857 858 299 691 986 987 944 381 382 380 379 918 917 232 231 714 727 186 575 828 899 572 949 718 717 864 93 136 135 920 921 736 439 370 683 682 681 680 801 802 679 344 181 850 851 852 853 854 855 849 804 805 182 321 592 768 217 767 980 301 583 78 811 133 378 79 110 67 80 35 660 659 816 369 817 818 36 95 94 571 81 790 789 788 787 786 545 794 795 793 792 443 220 444 445 914 913 912 589 112 113 586 484 227 224 519 520 125 822 823 754 753 752 979 730 729 225 114 71 968 525 526 969 556 597 555 554 711 562 563 712 713 710 553 552 970 70 337 362 363 508 509 510 511 512 345 346 417 418 621 650 651 256 825 772 653 654 309 686 685 684 655 656 657 652 85 540 211 212 373 374 5 82 83 312 935 936 515 514 313 750 749 748 311 56 55 234 429 428 177 178 955 870 201 690 202 759 246 671 942 941 196 465 464 745 197 904 107 156 883 884 882 157 14 15 16 283 282 897 290 896 281 59 130 631 632 675 674 1 633 634 635 636 559 558 630 877 878 629 250 251 974 863 862 861 860 303 952 951 950 319 318 159 158 388 973 252 65 64 253 192 191 60 539 61 58 108 605 606 604 603 778 579 959 960 777 957 446 447 832 489 488 743 900 210 517 293 294 295 292 956 47 48 505 504 123 393 394 395 392 23 22 21 784 785 452 783 391 238 239 46 45 279 278 647 648 649 198 199 200 305 195 174 173 574 672 670 247 640 248 203 206 757 416 441 270 442 440 207 502 501 500 499 726 53 54 204 869 868 771 522 425 426 339 340 338 435 541 86 87 773 922 923 924 925 826 827 257 255 948 947 700 664 622 620 619 460 336 999 29 260 259 590 911 910 909 844 843 842 908 907 906 546 99 584 780 781 438 437 735 734 733 732 334 357 576 988 839 891 )
